200 31.1642 28.5537
201 25.6931 27.8931
202 24.3054 27.2801
203 22.3775 26.7136
204 19.4195 26.1924
205 25.8107 25.7153
206 35.4734 25.2813
207 27.649 24.8892
208 19.9713 24.5379
209 19.6762 24.2262
210 20.1232 23.9531
211 26.3726 23.7172
212 18.3192 23.5176
213 22.3692 23.3531
214 26.0279 23.2225
215 23.6852 23.1247
216 20.2304 23.0586
217 29.8532 23.023
218 21.4475 23.0167
219 20.6545 23.0388
220 46.543 23.088
221 46.5315 23.1631
222 25.5561 23.2631
223 40.1562 23.3868
224 24.32 23.533
225 19.8982 23.7007
226 18.7577 23.8886
227 20.5439 24.0957
228 22.4716 24.3208
229 21.1 24.5628
230 20.2554 24.8206
231 28.3836 25.0929
232 19.2146 25.3787
233 20.9444 25.6768
234 24.0511 25.9861
235 20.2712 26.3054
236 20.3924 26.6337
237 19.1218 26.9697
238 18.5397 27.3124
239 19.4375 27.6605
240 17.9627 28.013
241 17.9587 28.3688
242 24.5761 28.7266
243 23.6967 29.0853
244 23.3469 29.4439
245 21.6423 29.8011
246 28.0891 30.1559
247 69.9113 30.5071
248 29.2811 30.8535
249 36.548 31.194
250 37.3745 31.5275
251 53.8016 31.8529
252 19.0316 32.1689
253 18.7992 32.4745
254 22.0431 32.7686
255 20.8555 33.0499
256 31.7743 33.3174
257 46.1085 33.5699
258 45.888 33.8063
259 49.0423 34.0254
260 27.6513 34.2262
261 36.9237 34.4074
262 36.7148 34.5679
263 44.9773 34.7066
264 30.6679 34.8223
265 36.5602 34.914
266 36.9476 34.9804
267 42.5896 35.0205
268 34.8885 35.0331
269 37.3185 35.017
270 37.2399 34.9712
271 41.8971 34.8944
272 35.6886 34.7856
273 36.9161 34.6436
274 37.0836 34.4672
275 36.337 34.2554
276 24.7365 34.007
277 18.8094 33.7209
278 38.1505 33.3959
279 37.65 33.0308
280 60.5267 32.6246
281 23.117 32.1761
282 18.9329 31.6842
283 24.7077 31.1477
284 18.3193 30.5655
285 26.2203 29.9364
286 38.0557 29.2594
287 24.8576 28.5333
288 25.4429 27.7569
289 20.6241 26.929
290 21.0241 26.0487
291 19.7979 25.1147
292 22.3311 24.1259
293 19.3333 23.0811
294 18.9424 21.9792
295 25.5304 20.8192
296 19.101 19.5997
297 22.6611 18.3198
298 19.0067 16.9782
299 21.7733 15.5739
300 19.186 14.1056
