20 723 921320
21 1105 921322
22 1294 921325
23 1410 921330
24 2292 921342
25 3686 921366
26 6035 921414
27 8198 921509
28 14411 921700
29 21865 922081
30 35700 922842
31 56636 924366
32 92664 927414
33 147231 933510
34 238097 945701
35 385194 970084
36 625739 1.01885e+06
37 1.0061e+06 1.11638e+06
38 1.62808e+06 1.31144e+06
39 2.63384e+06 1.70157e+06
40 4.2639e+06 2.48182e+06
41 6.92658e+06 4.04232e+06
42 1.11597e+07 7.16331e+06
43 1.80553e+07 1.34053e+07
44 2.9242e+07 2.58893e+07
45 4.72684e+07 5.08573e+07
